
row =

    14


col =

     1


MultiStart completed the runs from all start points.

All 200 local solver runs converged with a positive local solver exit flag.

best_params =

   1.0e+04 *

    3.6499    6.2395


fval =

   2.3407e-08


tElapsed =

   14.7184


GlobalSearch stopped because it analyzed all the trial points.

All 325 local solver runs converged with a positive local solver exit flag.

best_params =

   1.0e+04 *

    0.1000    9.9931


fval =

   2.3202e-08


tElapsed =

   68.2330

Optimization terminated: maximum number of generations exceeded.

best_params =

   1.0e+04 *

    7.0882    2.4773


fval =

   2.3865e-08


tElapsed =

    6.8877



Iter     Func-count       f(x)      MeshSize     Method
    0           1    2.95714e-08             1      
    1           3    2.37595e-08             2     Successful Poll
    2           5    2.33275e-08             4     Successful Poll
    3           7    2.33275e-08             2     Refine Mesh
    4          10    2.32289e-08             4     Successful Poll
    5          13    2.32289e-08             2     Refine Mesh
    6          16    2.32289e-08             1     Refine Mesh
    7          19    2.32032e-08             2     Successful Poll
    8          22    2.32032e-08             1     Refine Mesh
    9          25    2.32032e-08           0.5     Refine Mesh
   10          28    2.32032e-08          0.25     Refine Mesh
   11          31    2.32032e-08         0.125     Refine Mesh
   12          34    2.32031e-08          0.25     Successful Poll
   13          37    2.32031e-08         0.125     Refine Mesh
   14          41    2.32031e-08        0.0625     Refine Mesh
   15          45    2.32031e-08         0.125     Successful Poll
   16          48    2.32031e-08        0.0625     Refine Mesh
   17          52    2.32031e-08       0.03125     Refine Mesh
   18          56    2.32024e-08        0.0625     Successful Poll
   19          60    2.32024e-08       0.03125     Refine Mesh
   20          64    2.32024e-08       0.01562     Refine Mesh
   21          68    2.32024e-08       0.03125     Successful Poll
   22          72    2.32024e-08       0.01562     Refine Mesh
   23          76    2.32024e-08      0.007812     Refine Mesh
   24          80    2.32022e-08       0.01562     Successful Poll
   25          84    2.32022e-08      0.007812     Refine Mesh
   26          88    2.32022e-08       0.01562     Successful Poll
   27          92    2.32022e-08      0.007812     Refine Mesh
   28          96    2.32022e-08      0.003906     Refine Mesh
   29         100    2.32022e-08      0.001953     Refine Mesh
   30         104    2.32022e-08      0.003906     Successful Poll

Iter     Func-count        f(x)       MeshSize      Method
   31         108    2.32022e-08      0.001953     Refine Mesh
   32         112    2.32022e-08      0.003906     Successful Poll
   33         116    2.32022e-08      0.001953     Refine Mesh
   34         120    2.32022e-08     0.0009766     Refine Mesh
   35         124    2.32022e-08      0.001953     Successful Poll
   36         128    2.32022e-08     0.0009766     Refine Mesh
   37         132    2.32022e-08      0.001953     Successful Poll
   38         136    2.32022e-08     0.0009766     Refine Mesh
   39         140    2.32022e-08     0.0004883     Refine Mesh
   40         144    2.32022e-08     0.0002441     Refine Mesh
   41         148    2.32022e-08     0.0004883     Successful Poll
   42         152    2.32022e-08     0.0002441     Refine Mesh
   43         156    2.32022e-08     0.0004883     Successful Poll
   44         160    2.32022e-08     0.0002441     Refine Mesh
   45         164    2.32022e-08     0.0001221     Refine Mesh
   46         168    2.32022e-08     0.0002441     Successful Poll
   47         172    2.32022e-08     0.0001221     Refine Mesh
   48         176    2.32022e-08     6.104e-05     Refine Mesh
   49         180    2.32022e-08     0.0001221     Successful Poll
   50         184    2.32022e-08     6.104e-05     Refine Mesh
   51         188    2.32022e-08     0.0001221     Successful Poll
   52         192    2.32022e-08     6.104e-05     Refine Mesh
   53         196    2.32022e-08     3.052e-05     Refine Mesh
   54         200    2.32022e-08     6.104e-05     Successful Poll
   55         204    2.32022e-08     3.052e-05     Refine Mesh
   56         208    2.32022e-08     1.526e-05     Refine Mesh
   57         212    2.32022e-08     3.052e-05     Successful Poll
   58         216    2.32022e-08     1.526e-05     Refine Mesh
   59         220    2.32022e-08     7.629e-06     Refine Mesh
   60         224    2.32022e-08     1.526e-05     Successful Poll

Iter     Func-count        f(x)       MeshSize      Method
   61         228    2.32022e-08     7.629e-06     Refine Mesh
   62         232    2.32022e-08     3.815e-06     Refine Mesh
   63         236    2.32022e-08     7.629e-06     Successful Poll
   64         240    2.32022e-08     3.815e-06     Refine Mesh
   65         244    2.32022e-08     7.629e-06     Successful Poll
   66         248    2.32022e-08     3.815e-06     Refine Mesh
   67         252    2.32022e-08     1.907e-06     Refine Mesh
   68         256    2.32022e-08     3.815e-06     Successful Poll
   69         260    2.32022e-08     1.907e-06     Refine Mesh
   70         264    2.32022e-08     9.537e-07     Refine Mesh
Optimization terminated: mesh size less than options.MeshTolerance.

best_params =

   1.0e+04 *

    0.2171   10.0000


fval =

   2.3202e-08


